id,Level1,Level2,Level3,Level4,Level5,Level6,Level7,Diff
0,-73.000000,-57.000000,-69.000000,-75.000000,nan,nan,nan,0.000000
1,-77.000000,-65.000000,-69.000000,-69.000000,-73.000000,-73.000000,nan,-4.000000
2,-77.000000,-65.000000,-69.000000,-69.000000,-73.000000,-73.000000,nan,0.000000
3,-77.000000,-61.000000,-65.000000,-67.000000,-73.000000,-81.000000,nan,0.000000
4,-77.000000,-61.000000,-65.000000,-67.000000,-73.000000,-81.000000,nan,0.000000
5,-77.000000,-55.000000,-69.000000,-71.000000,-71.000000,-83.000000,nan,0.000000
6,-77.000000,-55.000000,-69.000000,-71.000000,-71.000000,-83.000000,nan,0.000000
7,-79.000000,-53.000000,-71.000000,-71.000000,-75.000000,-85.000000,nan,-2.000000
8,-79.000000,-53.000000,-71.000000,-71.000000,-75.000000,-85.000000,nan,0.000000
9,-79.000000,-59.000000,-67.000000,-71.000000,-73.000000,-85.000000,nan,0.000000
10,-79.000000,-59.000000,-67.000000,-71.000000,-73.000000,-85.000000,nan,0.000000
11,-81.000000,-61.000000,-71.000000,-71.000000,-77.000000,-83.000000,nan,-2.000000
12,-81.000000,-61.000000,-71.000000,-71.000000,-77.000000,-83.000000,nan,0.000000
13,-77.000000,-61.000000,-67.000000,-71.000000,-77.000000,-79.000000,nan,4.000000
14,-77.000000,-61.000000,-67.000000,-71.000000,-77.000000,-79.000000,nan,0.000000
15,-77.000000,-61.000000,-67.000000,-71.000000,-77.000000,-79.000000,nan,0.000000
16,-77.000000,-61.000000,-67.000000,-71.000000,-77.000000,-79.000000,nan,0.000000
17,-77.000000,-61.000000,-67.000000,-71.000000,-77.000000,-79.000000,nan,0.000000
18,-77.000000,-61.000000,-67.000000,-71.000000,-77.000000,-79.000000,nan,0.000000
19,-73.000000,-59.000000,-63.000000,-73.000000,-73.000000,-73.000000,nan,4.000000
20,-73.000000,-59.000000,-63.000000,-73.000000,-73.000000,-73.000000,nan,0.000000
21,-73.000000,-59.000000,-63.000000,-73.000000,-73.000000,-73.000000,nan,0.000000
22,-73.000000,-59.000000,-63.000000,-73.000000,-73.000000,-73.000000,nan,0.000000
23,-73.000000,-59.000000,-63.000000,-73.000000,-73.000000,-73.000000,nan,0.000000
24,-73.000000,-55.000000,-65.000000,-67.000000,-69.000000,-79.000000,nan,0.000000
25,-73.000000,-55.000000,-65.000000,-67.000000,-69.000000,-79.000000,nan,0.000000
26,-73.000000,-55.000000,-65.000000,-67.000000,-69.000000,-79.000000,nan,0.000000
27,-73.000000,-55.000000,-65.000000,-67.000000,-69.000000,-79.000000,nan,0.000000
28,-75.000000,-49.000000,-57.000000,-65.000000,-67.000000,-79.000000,nan,-2.000000
29,-75.000000,-49.000000,-57.000000,-65.000000,-67.000000,-79.000000,nan,0.000000
30,-75.000000,-49.000000,-57.000000,-65.000000,-67.000000,-79.000000,nan,0.000000
31,-75.000000,-49.000000,-57.000000,-65.000000,-67.000000,-79.000000,nan,0.000000
32,-75.000000,-53.000000,-57.000000,-67.000000,-67.000000,-77.000000,nan,0.000000
33,-75.000000,-53.000000,-57.000000,-67.000000,-67.000000,-77.000000,nan,0.000000
34,-75.000000,-53.000000,-57.000000,-67.000000,-67.000000,-77.000000,nan,0.000000
35,-77.000000,-57.000000,-59.000000,-67.000000,-67.000000,nan,nan,-2.000000
36,-77.000000,-57.000000,-59.000000,-67.000000,-67.000000,nan,nan,0.000000
37,-77.000000,-57.000000,-59.000000,-67.000000,-67.000000,nan,nan,0.000000
38,-67.000000,-57.000000,-59.000000,-67.000000,-67.000000,nan,nan,10.000000
39,-67.000000,-57.000000,-59.000000,-67.000000,-67.000000,nan,nan,0.000000
40,-67.000000,-57.000000,-59.000000,-67.000000,-67.000000,nan,nan,0.000000
41,-71.000000,-57.000000,-59.000000,-67.000000,-67.000000,nan,nan,-4.000000
42,-71.000000,-57.000000,-63.000000,-67.000000,-71.000000,-83.000000,nan,0.000000
43,-71.000000,-57.000000,-63.000000,-67.000000,-71.000000,-83.000000,nan,0.000000
44,-71.000000,-57.000000,-63.000000,-67.000000,-71.000000,-83.000000,nan,0.000000
45,-71.000000,-61.000000,-65.000000,-69.000000,-75.000000,-85.000000,nan,0.000000
46,-71.000000,-61.000000,-65.000000,-69.000000,-75.000000,-85.000000,nan,0.000000
47,-73.000000,-55.000000,-67.000000,-73.000000,-79.000000,-81.000000,nan,-2.000000
48,-73.000000,-55.000000,-67.000000,-73.000000,-79.000000,-81.000000,nan,0.000000
49,-77.000000,-55.000000,-67.000000,-73.000000,-79.000000,-81.000000,nan,-4.000000
50,-77.000000,-65.000000,-75.000000,-79.000000,-79.000000,-79.000000,nan,0.000000
51,-77.000000,-65.000000,-75.000000,-79.000000,-79.000000,-79.000000,nan,0.000000
52,-75.000000,-65.000000,-75.000000,-79.000000,-79.000000,-79.000000,nan,2.000000
53,-83.000000,-43.000000,-75.000000,-75.000000,-79.000000,-87.000000,nan,-8.000000
54,-83.000000,-43.000000,-75.000000,-75.000000,-79.000000,-87.000000,nan,0.000000
55,-85.000000,-39.000000,-67.000000,-75.000000,-77.000000,-87.000000,-95.000000,-2.000000
56,-87.000000,-39.000000,-67.000000,-71.000000,-73.000000,-77.000000,nan,-2.000000
57,-87.000000,-39.000000,-67.000000,-71.000000,-73.000000,-77.000000,nan,0.000000
58,-89.000000,-45.000000,-65.000000,-67.000000,-71.000000,-73.000000,nan,-2.000000
59,-89.000000,-45.000000,-65.000000,-67.000000,-71.000000,-73.000000,nan,0.000000
60,-83.000000,-45.000000,-63.000000,-65.000000,-65.000000,-67.000000,nan,6.000000
61,-83.000000,-45.000000,-63.000000,-65.000000,-65.000000,-67.000000,nan,0.000000
62,-83.000000,-47.000000,-65.000000,-65.000000,-67.000000,-69.000000,nan,0.000000
63,-83.000000,-47.000000,-65.000000,-65.000000,-67.000000,-69.000000,nan,0.000000
64,-85.000000,-49.000000,-61.000000,-65.000000,-69.000000,-71.000000,nan,-2.000000
65,-85.000000,-49.000000,-61.000000,-65.000000,-69.000000,-71.000000,nan,0.000000
66,-79.000000,-45.000000,-55.000000,-67.000000,-69.000000,-71.000000,nan,6.000000
67,-79.000000,-45.000000,-55.000000,-67.000000,-69.000000,-71.000000,nan,0.000000
68,-83.000000,-45.000000,-55.000000,-67.000000,-69.000000,-71.000000,nan,-4.000000
69,-83.000000,-47.000000,-57.000000,-67.000000,-71.000000,-71.000000,nan,0.000000
70,-83.000000,-47.000000,-57.000000,-67.000000,-71.000000,-71.000000,nan,0.000000
71,-89.000000,21511.000000,-73.000000,nan,nan,nan,nan,0.000000
72,-89.000000,21511.000000,-73.000000,nan,nan,nan,nan,0.000000
73,-89.000000,21511.000000,-73.000000,nan,nan,nan,nan,0.000000
74,-89.000000,21511.000000,-73.000000,nan,nan,nan,nan,0.000000
75,-89.000000,21511.000000,-73.000000,nan,nan,nan,nan,0.000000
76,-97.000000,5957.000000,-31.000000,nan,nan,nan,nan,-8.000000
77,-99.000000,5957.000000,-31.000000,nan,nan,nan,nan,-2.000000
78,-99.000000,5957.000000,-31.000000,nan,nan,nan,nan,0.000000
79,-101.000000,5957.000000,-31.000000,nan,nan,nan,nan,-2.000000
80,-101.000000,5957.000000,-31.000000,-89.000000,nan,nan,nan,0.000000
81,-101.000000,5957.000000,-31.000000,-89.000000,nan,nan,nan,0.000000
82,-103.000000,5957.000000,-31.000000,nan,nan,nan,nan,-2.000000
83,-101.000000,5957.000000,-31.000000,nan,nan,nan,nan,2.000000
84,-103.000000,5957.000000,-47.000000,-91.000000,nan,nan,nan,-2.000000
85,-103.000000,5957.000000,-47.000000,-85.000000,nan,nan,nan,0.000000
86,-105.000000,5957.000000,-47.000000,-81.000000,nan,nan,nan,-2.000000
87,-105.000000,5957.000000,-47.000000,-81.000000,nan,nan,nan,0.000000
88,-105.000000,5957.000000,-47.000000,-75.000000,nan,nan,nan,0.000000
89,-95.000000,5957.000000,75.000000,-31.000000,-95.000000,nan,nan,10.000000
90,-95.000000,5957.000000,75.000000,-31.000000,-95.000000,nan,nan,0.000000
91,-99.000000,5957.000000,75.000000,-31.000000,-95.000000,nan,nan,-4.000000
92,-99.000000,5957.000000,75.000000,-31.000000,-103.000000,nan,nan,0.000000
93,-103.000000,5957.000000,75.000000,-31.000000,-103.000000,nan,nan,-4.000000
94,-103.000000,5957.000000,75.000000,-31.000000,-99.000000,nan,nan,0.000000
95,-103.000000,5957.000000,75.000000,-31.000000,-99.000000,nan,nan,0.000000
96,-105.000000,5957.000000,75.000000,-31.000000,-97.000000,nan,nan,-2.000000
97,-105.000000,5957.000000,-31.000000,-85.000000,nan,nan,nan,0.000000
98,-97.000000,5957.000000,-31.000000,-85.000000,nan,nan,nan,8.000000
99,-99.000000,5957.000000,75.000000,-47.000000,-79.000000,nan,nan,-2.000000
100,-101.000000,5957.000000,-47.000000,-83.000000,nan,nan,nan,-2.000000
101,-103.000000,5957.000000,-47.000000,-79.000000,nan,nan,nan,-2.000000
102,-103.000000,5957.000000,-47.000000,-79.000000,nan,nan,nan,0.000000
103,-105.000000,5957.000000,-47.000000,-77.000000,nan,nan,nan,-2.000000
104,-105.000000,5957.000000,-47.000000,-77.000000,nan,nan,nan,0.000000
105,-99.000000,5957.000000,-31.000000,-101.000000,nan,nan,nan,6.000000
106,-95.000000,5957.000000,-31.000000,-103.000000,nan,nan,nan,4.000000
107,-97.000000,5957.000000,-31.000000,-101.000000,nan,nan,nan,-2.000000
108,-101.000000,5957.000000,-31.000000,-103.000000,nan,nan,nan,-4.000000
109,-101.000000,5957.000000,75.000000,-31.000000,-105.000000,nan,nan,0.000000
110,-101.000000,5957.000000,75.000000,-31.000000,-93.000000,nan,nan,0.000000
111,-101.000000,5957.000000,75.000000,-31.000000,-93.000000,nan,nan,0.000000
112,-97.000000,5957.000000,-31.000000,-93.000000,nan,nan,nan,4.000000
113,-99.000000,5957.000000,-31.000000,-95.000000,nan,nan,nan,-2.000000
114,-101.000000,5957.000000,-31.000000,-95.000000,nan,nan,nan,-2.000000
115,-101.000000,5957.000000,-31.000000,nan,nan,nan,nan,0.000000
116,-101.000000,5957.000000,-31.000000,nan,nan,nan,nan,0.000000
117,-99.000000,5957.000000,-31.000000,nan,nan,nan,nan,2.000000
118,-99.000000,5957.000000,-31.000000,-95.000000,nan,nan,nan,0.000000
119,-99.000000,5957.000000,-31.000000,-95.000000,nan,nan,nan,0.000000
120,-101.000000,5957.000000,-31.000000,-95.000000,nan,nan,nan,-2.000000
121,-101.000000,5957.000000,-31.000000,-93.000000,nan,nan,nan,0.000000
122,-101.000000,5957.000000,-31.000000,-99.000000,nan,nan,nan,0.000000
123,-101.000000,5957.000000,-31.000000,-93.000000,nan,nan,nan,0.000000
124,-99.000000,5957.000000,-31.000000,-93.000000,nan,nan,nan,2.000000
125,-99.000000,5957.000000,-31.000000,-93.000000,nan,nan,nan,0.000000
126,-97.000000,5957.000000,-31.000000,-95.000000,nan,nan,nan,2.000000
127,-97.000000,5957.000000,-31.000000,-95.000000,nan,nan,nan,0.000000
128,-95.000000,5957.000000,-31.000000,-83.000000,nan,nan,nan,2.000000
129,-97.000000,5957.000000,-31.000000,-91.000000,nan,nan,nan,-2.000000
130,-97.000000,5957.000000,-31.000000,-91.000000,nan,nan,nan,0.000000
131,-99.000000,5957.000000,-31.000000,-85.000000,nan,nan,nan,-2.000000
132,-105.000000,5957.000000,129.000000,-75.000000,nan,nan,nan,-2.000000
133,-105.000000,5957.000000,129.000000,-75.000000,nan,nan,nan,0.000000
134,-107.000000,5957.000000,129.000000,-89.000000,nan,nan,nan,-2.000000
135,-101.000000,21511.000000,5957.000000,241.000000,129.000000,-99.000000,nan,6.000000
136,-103.000000,21511.000000,5957.000000,241.000000,129.000000,-99.000000,nan,-2.000000
137,-103.000000,21511.000000,5957.000000,241.000000,129.000000,-99.000000,nan,0.000000
138,-105.000000,21511.000000,5957.000000,241.000000,129.000000,-101.000000,nan,-2.000000
139,-105.000000,5957.000000,-31.000000,nan,nan,nan,nan,0.000000
140,-107.000000,5957.000000,-47.000000,nan,nan,nan,nan,-2.000000
141,-113.000000,5957.000000,-47.000000,nan,nan,nan,nan,0.000000
142,-113.000000,5957.000000,-47.000000,nan,nan,nan,nan,0.000000
143,-111.000000,5957.000000,-47.000000,nan,nan,nan,nan,2.000000
144,-111.000000,5957.000000,-47.000000,nan,nan,nan,nan,0.000000
145,-111.000000,5957.000000,-47.000000,nan,nan,nan,nan,0.000000
146,-109.000000,5957.000000,-47.000000,nan,nan,nan,nan,2.000000
147,-109.000000,5957.000000,-47.000000,nan,nan,nan,nan,0.000000
148,-109.000000,-47.000000,nan,nan,nan,nan,nan,0.000000
149,-113.000000,-47.000000,nan,nan,nan,nan,nan,-4.000000
150,-113.000000,-47.000000,nan,nan,nan,nan,nan,0.000000
151,-113.000000,-47.000000,nan,nan,nan,nan,nan,0.000000
152,-113.000000,-47.000000,nan,nan,nan,nan,nan,0.000000
153,-113.000000,-31.000000,nan,nan,nan,nan,nan,0.000000
154,-113.000000,-31.000000,nan,nan,nan,nan,nan,0.000000
155,-107.000000,21461.000000,-31.000000,nan,nan,nan,nan,0.000000
156,-107.000000,-31.000000,nan,nan,nan,nan,nan,0.000000
157,-109.000000,-31.000000,nan,nan,nan,nan,nan,-2.000000
158,-113.000000,-31.000000,nan,nan,nan,nan,nan,-4.000000
159,-111.000000,-31.000000,nan,nan,nan,nan,nan,2.000000
160,-111.000000,21557.000000,303.000000,-113.000000,nan,nan,nan,0.000000
161,-113.000000,-31.000000,nan,nan,nan,nan,nan,-2.000000
162,-113.000000,5957.000000,-47.000000,nan,nan,nan,nan,0.000000
163,-113.000000,5957.000000,-47.000000,nan,nan,nan,nan,0.000000
164,-113.000000,-31.000000,nan,nan,nan,nan,nan,0.000000
165,-113.000000,-47.000000,nan,nan,nan,nan,nan,-2.000000
166,-113.000000,-47.000000,nan,nan,nan,nan,nan,0.000000
167,-113.000000,-47.000000,nan,nan,nan,nan,nan,0.000000
168,-113.000000,-47.000000,nan,nan,nan,nan,nan,0.000000
169,-113.000000,-47.000000,nan,nan,nan,nan,nan,0.000000
170,-109.000000,5957.000000,-31.000000,nan,nan,nan,nan,4.000000
171,-109.000000,5957.000000,-31.000000,nan,nan,nan,nan,0.000000
172,-113.000000,-31.000000,nan,nan,nan,nan,nan,-4.000000
173,-109.000000,21557.000000,129.000000,-113.000000,nan,nan,nan,0.000000
174,-109.000000,21557.000000,129.000000,-113.000000,nan,nan,nan,0.000000
175,-111.000000,-47.000000,nan,nan,nan,nan,nan,-4.000000
176,-111.000000,-47.000000,nan,nan,nan,nan,nan,0.000000
177,-111.000000,-47.000000,nan,nan,nan,nan,nan,0.000000
178,-109.000000,-47.000000,nan,nan,nan,nan,nan,2.000000
179,-101.000000,-31.000000,nan,nan,nan,nan,nan,8.000000
180,-101.000000,-31.000000,nan,nan,nan,nan,nan,0.000000
181,-103.000000,-31.000000,nan,nan,nan,nan,nan,-2.000000
182,-103.000000,-31.000000,nan,nan,nan,nan,nan,0.000000
183,-103.000000,21511.000000,-31.000000,nan,nan,nan,nan,0.000000
184,-105.000000,21511.000000,-31.000000,nan,nan,nan,nan,-2.000000
185,-107.000000,21511.000000,-31.000000,nan,nan,nan,nan,-2.000000
186,-107.000000,21511.000000,-31.000000,nan,nan,nan,nan,0.000000
187,-107.000000,21511.000000,-31.000000,nan,nan,nan,nan,0.000000
188,-107.000000,-31.000000,nan,nan,nan,nan,nan,0.000000
189,-105.000000,-31.000000,nan,nan,nan,nan,nan,2.000000
190,-105.000000,21557.000000,129.000000,-113.000000,nan,nan,nan,-2.000000
191,-107.000000,-31.000000,nan,nan,nan,nan,nan,0.000000
192,-109.000000,5957.000000,-31.000000,nan,nan,nan,nan,-2.000000
193,-107.000000,5957.000000,-31.000000,nan,nan,nan,nan,2.000000
194,-109.000000,-31.000000,nan,nan,nan,nan,nan,-2.000000
195,-109.000000,-31.000000,nan,nan,nan,nan,nan,0.000000
196,-109.000000,-31.000000,nan,nan,nan,nan,nan,0.000000
197,-109.000000,21461.000000,-31.000000,nan,nan,nan,nan,0.000000
198,-113.000000,21461.000000,-31.000000,nan,nan,nan,nan,-4.000000
199,-113.000000,21461.000000,-31.000000,nan,nan,nan,nan,0.000000
200,-113.000000,5957.000000,303.000000,-75.000000,nan,nan,nan,0.000000
201,-111.000000,5957.000000,303.000000,-75.000000,nan,nan,nan,2.000000
202,-111.000000,21461.000000,-31.000000,nan,nan,nan,nan,0.000000
203,-111.000000,21461.000000,-31.000000,nan,nan,nan,nan,0.000000
204,-113.000000,-31.000000,nan,nan,nan,nan,nan,-2.000000
205,-113.000000,-31.000000,nan,nan,nan,nan,nan,0.000000
206,-113.000000,-31.000000,nan,nan,nan,nan,nan,0.000000
207,-109.000000,21557.000000,303.000000,-31.000000,-113.000000,nan,nan,0.000000
208,-107.000000,21557.000000,303.000000,-31.000000,-113.000000,nan,nan,2.000000
209,-107.000000,21557.000000,303.000000,-31.000000,-111.000000,nan,nan,0.000000
210,-107.000000,-31.000000,nan,nan,nan,nan,nan,0.000000
211,-109.000000,-31.000000,nan,nan,nan,nan,nan,-2.000000
212,-109.000000,-47.000000,nan,nan,nan,nan,nan,0.000000
213,-113.000000,21461.000000,-47.000000,nan,nan,nan,nan,-2.000000
214,-111.000000,21461.000000,-47.000000,nan,nan,nan,nan,2.000000
215,-113.000000,-31.000000,nan,nan,nan,nan,nan,0.000000
216,-113.000000,-31.000000,nan,nan,nan,nan,nan,0.000000
217,-95.000000,-87.000000,nan,nan,nan,nan,nan,-2.000000
218,-95.000000,-87.000000,nan,nan,nan,nan,nan,0.000000
219,-95.000000,-87.000000,nan,nan,nan,nan,nan,0.000000
220,-97.000000,-87.000000,nan,nan,nan,nan,nan,-2.000000
221,-97.000000,-87.000000,nan,nan,nan,nan,nan,0.000000
222,-97.000000,-87.000000,nan,nan,nan,nan,nan,0.000000
223,-97.000000,-87.000000,nan,nan,nan,nan,nan,0.000000
224,-97.000000,-87.000000,nan,nan,nan,nan,nan,0.000000
225,-97.000000,-85.000000,nan,nan,nan,nan,nan,0.000000
226,-97.000000,-85.000000,nan,nan,nan,nan,nan,0.000000
227,-97.000000,-85.000000,-95.000000,nan,nan,nan,nan,0.000000
228,-97.000000,-85.000000,-95.000000,nan,nan,nan,nan,0.000000
229,-95.000000,-85.000000,-95.000000,nan,nan,nan,nan,2.000000
230,-95.000000,-85.000000,-95.000000,nan,nan,nan,nan,0.000000
231,-95.000000,-83.000000,-83.000000,nan,nan,nan,nan,0.000000
232,-95.000000,-83.000000,-83.000000,nan,nan,nan,nan,0.000000
233,-95.000000,-83.000000,-83.000000,nan,nan,nan,nan,0.000000
234,-93.000000,-83.000000,-83.000000,nan,nan,nan,nan,2.000000
235,-93.000000,-83.000000,-83.000000,nan,nan,nan,nan,0.000000
236,-93.000000,-77.000000,-81.000000,-97.000000,nan,nan,nan,0.000000
237,-93.000000,-77.000000,-81.000000,-97.000000,nan,nan,nan,0.000000
238,-93.000000,-77.000000,-81.000000,-97.000000,nan,nan,nan,0.000000
239,-93.000000,-77.000000,-81.000000,-81.000000,-93.000000,nan,nan,0.000000
240,-93.000000,-77.000000,-81.000000,-81.000000,-93.000000,nan,nan,0.000000
241,-95.000000,-77.000000,-81.000000,-83.000000,-93.000000,-93.000000,nan,-2.000000
242,-95.000000,-77.000000,-81.000000,-83.000000,-93.000000,-93.000000,nan,0.000000
243,-95.000000,-79.000000,-81.000000,-83.000000,-91.000000,-93.000000,nan,0.000000
244,-95.000000,-79.000000,-81.000000,-83.000000,-91.000000,-93.000000,nan,0.000000
245,-95.000000,-79.000000,-81.000000,-83.000000,-91.000000,-93.000000,nan,0.000000
246,-97.000000,-77.000000,-81.000000,-83.000000,-89.000000,nan,nan,-2.000000
247,-97.000000,-77.000000,-81.000000,-83.000000,-87.000000,-89.000000,nan,0.000000
248,-97.000000,-77.000000,-81.000000,-83.000000,-87.000000,-87.000000,nan,0.000000
249,-97.000000,-77.000000,-81.000000,-83.000000,-87.000000,-87.000000,nan,0.000000
250,-97.000000,-77.000000,-81.000000,-83.000000,-87.000000,-87.000000,nan,0.000000
251,-81.000000,-71.000000,-77.000000,-85.000000,-87.000000,-91.000000,nan,16.000000
252,-105.000000,5957.000000,141.000000,-107.000000,nan,nan,nan,0.000000
253,-99.000000,5957.000000,141.000000,-97.000000,nan,nan,nan,4.000000
254,-97.000000,5957.000000,141.000000,-99.000000,nan,nan,nan,2.000000
255,-99.000000,5957.000000,141.000000,-101.000000,nan,nan,nan,-2.000000
256,-99.000000,5957.000000,357.000000,141.000000,-103.000000,nan,nan,0.000000
257,-99.000000,5957.000000,357.000000,141.000000,-103.000000,nan,nan,0.000000
258,-99.000000,5957.000000,141.000000,-105.000000,nan,nan,nan,0.000000
259,-103.000000,5957.000000,141.000000,-111.000000,nan,nan,nan,-4.000000
260,-113.000000,-97.000000,nan,nan,nan,nan,nan,-8.000000
261,-113.000000,-97.000000,nan,nan,nan,nan,nan,0.000000
262,-113.000000,-97.000000,nan,nan,nan,nan,nan,0.000000
263,-113.000000,-97.000000,nan,nan,nan,nan,nan,0.000000
264,-113.000000,-97.000000,nan,nan,nan,nan,nan,0.000000
265,-113.000000,-97.000000,nan,nan,nan,nan,nan,0.000000
266,-97.000000,21557.000000,57.000000,-107.000000,nan,nan,nan,2.000000
267,-97.000000,21511.000000,21511.000000,173.000000,47.000000,-81.000000,-81.000000,2.000000
268,-97.000000,21511.000000,21511.000000,173.000000,47.000000,-81.000000,-81.000000,0.000000
269,-99.000000,21511.000000,55.000000,17.000000,-83.000000,nan,nan,0.000000
270,-99.000000,21557.000000,55.000000,-95.000000,nan,nan,nan,0.000000
271,-97.000000,21511.000000,55.000000,-109.000000,nan,nan,nan,4.000000
272,-97.000000,21511.000000,55.000000,-109.000000,nan,nan,nan,0.000000
273,-103.000000,5957.000000,141.000000,-85.000000,nan,nan,nan,0.000000
274,-103.000000,5957.000000,141.000000,-89.000000,nan,nan,nan,0.000000
275,-105.000000,5957.000000,141.000000,-85.000000,nan,nan,nan,-2.000000
276,-97.000000,5957.000000,-31.000000,-97.000000,nan,nan,nan,-4.000000
277,-99.000000,5957.000000,-31.000000,-89.000000,nan,nan,nan,-2.000000
278,-101.000000,5957.000000,-31.000000,-87.000000,nan,nan,nan,-2.000000
279,-99.000000,21511.000000,5957.000000,-31.000000,-79.000000,-93.000000,-97.000000,2.000000
280,-95.000000,5957.000000,-31.000000,-101.000000,nan,nan,nan,4.000000
281,-99.000000,5957.000000,-31.000000,-111.000000,nan,nan,nan,-4.000000
282,-99.000000,5957.000000,-31.000000,-111.000000,nan,nan,nan,0.000000
283,-101.000000,21511.000000,105.000000,-79.000000,-97.000000,nan,nan,-2.000000
284,-101.000000,21511.000000,105.000000,-79.000000,-97.000000,nan,nan,0.000000
285,-105.000000,21511.000000,105.000000,-79.000000,-97.000000,nan,nan,-4.000000
286,-107.000000,21511.000000,105.000000,-79.000000,-97.000000,nan,nan,-2.000000
287,-107.000000,21511.000000,105.000000,-79.000000,-97.000000,nan,nan,0.000000
288,-107.000000,21511.000000,105.000000,-79.000000,-97.000000,nan,nan,0.000000
289,-107.000000,21511.000000,105.000000,-79.000000,-97.000000,nan,nan,0.000000
290,-113.000000,21511.000000,105.000000,-79.000000,-97.000000,nan,nan,-6.000000
291,-111.000000,5957.000000,-97.000000,nan,nan,nan,nan,-4.000000
292,-111.000000,5957.000000,-97.000000,nan,nan,nan,nan,0.000000
293,-97.000000,5957.000000,141.000000,-83.000000,nan,nan,nan,14.000000
294,-97.000000,5957.000000,141.000000,-85.000000,nan,nan,nan,0.000000
295,-113.000000,-97.000000,nan,nan,nan,nan,nan,0.000000
296,-113.000000,-97.000000,nan,nan,nan,nan,nan,0.000000
297,-61.000000,-61.000000,-65.000000,-65.000000,-69.000000,-69.000000,nan,0.000000
298,-61.000000,-61.000000,-65.000000,-65.000000,-69.000000,-69.000000,nan,0.000000
299,-89.000000,21461.000000,-13.000000,-81.000000,nan,nan,nan,0.000000
300,-95.000000,21461.000000,-13.000000,-85.000000,nan,nan,nan,-6.000000
301,-97.000000,21461.000000,-13.000000,-89.000000,nan,nan,nan,-2.000000
302,-95.000000,21461.000000,-13.000000,nan,nan,nan,nan,2.000000
303,-97.000000,21511.000000,31.000000,-13.000000,-77.000000,nan,nan,-2.000000
304,-97.000000,21557.000000,21461.000000,241.000000,31.000000,-95.000000,nan,6.000000
305,-99.000000,21557.000000,21461.000000,241.000000,31.000000,-95.000000,nan,-2.000000
306,-97.000000,21557.000000,21461.000000,241.000000,31.000000,-87.000000,nan,2.000000
307,-93.000000,21557.000000,21461.000000,241.000000,31.000000,-89.000000,nan,4.000000
308,-93.000000,21557.000000,21461.000000,241.000000,31.000000,-95.000000,nan,0.000000
309,-93.000000,21557.000000,241.000000,-85.000000,nan,nan,nan,-2.000000
310,-93.000000,21557.000000,241.000000,-85.000000,nan,nan,nan,0.000000
311,-93.000000,21557.000000,241.000000,-95.000000,nan,nan,nan,0.000000
312,-95.000000,21557.000000,241.000000,-103.000000,nan,nan,nan,-2.000000
313,-93.000000,21557.000000,241.000000,-101.000000,nan,nan,nan,2.000000
314,-87.000000,21557.000000,241.000000,-103.000000,nan,nan,nan,6.000000
315,-99.000000,21557.000000,241.000000,-81.000000,nan,nan,nan,0.000000
316,-103.000000,21557.000000,241.000000,-79.000000,nan,nan,nan,-4.000000
317,-107.000000,21557.000000,203.000000,-113.000000,nan,nan,nan,0.000000
318,-101.000000,21557.000000,203.000000,-113.000000,nan,nan,nan,6.000000
319,-99.000000,-11.000000,nan,nan,nan,nan,nan,0.000000
320,-97.000000,21461.000000,179.000000,-113.000000,nan,nan,nan,-4.000000
321,-111.000000,-11.000000,nan,nan,nan,nan,nan,0.000000
322,-111.000000,-11.000000,nan,nan,nan,nan,nan,0.000000
323,-91.000000,-57.000000,nan,nan,nan,nan,nan,0.000000
324,-93.000000,-57.000000,nan,nan,nan,nan,nan,-2.000000
325,-93.000000,-57.000000,nan,nan,nan,nan,nan,0.000000
326,-97.000000,-57.000000,nan,nan,nan,nan,nan,-4.000000
327,-97.000000,-57.000000,nan,nan,nan,nan,nan,0.000000
328,-93.000000,-57.000000,nan,nan,nan,nan,nan,4.000000
329,-87.000000,-57.000000,nan,nan,nan,nan,nan,6.000000
330,-87.000000,-57.000000,nan,nan,nan,nan,nan,0.000000
331,-89.000000,-57.000000,nan,nan,nan,nan,nan,-2.000000
332,-99.000000,21511.000000,-13.000000,nan,nan,nan,nan,-4.000000
333,-97.000000,21511.000000,-57.000000,-95.000000,nan,nan,nan,2.000000
334,-99.000000,-57.000000,nan,nan,nan,nan,nan,-2.000000
335,-95.000000,-57.000000,nan,nan,nan,nan,nan,4.000000
336,-99.000000,-57.000000,nan,nan,nan,nan,nan,-4.000000
337,-101.000000,21511.000000,-57.000000,-83.000000,nan,nan,nan,-2.000000
338,-101.000000,21511.000000,-57.000000,-89.000000,nan,nan,nan,0.000000
339,-101.000000,21511.000000,-57.000000,-89.000000,nan,nan,nan,0.000000
340,-99.000000,21511.000000,-57.000000,-93.000000,nan,nan,nan,2.000000
341,-95.000000,21511.000000,-57.000000,-93.000000,nan,nan,nan,4.000000
342,-97.000000,21511.000000,-57.000000,-93.000000,nan,nan,nan,-2.000000
343,-99.000000,-57.000000,nan,nan,nan,nan,nan,-2.000000
344,-95.000000,-57.000000,nan,nan,nan,nan,nan,4.000000
345,-99.000000,-57.000000,nan,nan,nan,nan,nan,-4.000000
346,-99.000000,-57.000000,nan,nan,nan,nan,nan,0.000000
347,-97.000000,-11.000000,nan,nan,nan,nan,nan,4.000000
348,-95.000000,-11.000000,nan,nan,nan,nan,nan,2.000000
349,-93.000000,-11.000000,nan,nan,nan,nan,nan,2.000000
350,-95.000000,-11.000000,nan,nan,nan,nan,nan,-2.000000
351,-95.000000,-11.000000,nan,nan,nan,nan,nan,0.000000
352,-95.000000,-11.000000,nan,nan,nan,nan,nan,0.000000
353,-95.000000,-11.000000,nan,nan,nan,nan,nan,0.000000
354,-97.000000,-11.000000,nan,nan,nan,nan,nan,-2.000000
355,-97.000000,-11.000000,nan,nan,nan,nan,nan,0.000000
356,-95.000000,-11.000000,nan,nan,nan,nan,nan,2.000000
357,-97.000000,21511.000000,-11.000000,nan,nan,nan,nan,-2.000000
358,-97.000000,21511.000000,-11.000000,nan,nan,nan,nan,0.000000
359,-97.000000,21511.000000,-11.000000,nan,nan,nan,nan,0.000000
360,-99.000000,21511.000000,-11.000000,nan,nan,nan,nan,-2.000000
361,-101.000000,21511.000000,-11.000000,nan,nan,nan,nan,-2.000000
362,-103.000000,21511.000000,-11.000000,nan,nan,nan,nan,-2.000000
363,-103.000000,21511.000000,-11.000000,nan,nan,nan,nan,0.000000
364,-101.000000,21511.000000,-11.000000,nan,nan,nan,nan,2.000000
365,-101.000000,21511.000000,-11.000000,nan,nan,nan,nan,0.000000
366,-97.000000,21511.000000,-11.000000,nan,nan,nan,nan,4.000000
367,-95.000000,21511.000000,-11.000000,nan,nan,nan,nan,2.000000
368,-99.000000,21511.000000,-11.000000,nan,nan,nan,nan,-4.000000
369,-103.000000,21511.000000,-11.000000,nan,nan,nan,nan,-4.000000
370,-97.000000,21557.000000,203.000000,-83.000000,nan,nan,nan,0.000000
371,-97.000000,21557.000000,203.000000,-97.000000,nan,nan,nan,0.000000
372,-101.000000,21557.000000,203.000000,-85.000000,nan,nan,nan,-4.000000
373,-99.000000,-101.000000,nan,nan,nan,nan,nan,0.000000
374,-99.000000,-101.000000,nan,nan,nan,nan,nan,0.000000
375,-101.000000,-97.000000,nan,nan,nan,nan,nan,-2.000000
376,-101.000000,-97.000000,nan,nan,nan,nan,nan,0.000000
377,-103.000000,-93.000000,nan,nan,nan,nan,nan,-2.000000
378,-103.000000,-93.000000,nan,nan,nan,nan,nan,0.000000
379,-103.000000,-93.000000,nan,nan,nan,nan,nan,0.000000
380,-99.000000,-91.000000,nan,nan,nan,nan,nan,4.000000
381,-77.000000,-107.000000,nan,nan,nan,nan,nan,0.000000
382,-77.000000,-101.000000,nan,nan,nan,nan,nan,0.000000
383,-77.000000,-101.000000,nan,nan,nan,nan,nan,0.000000
384,-77.000000,-101.000000,nan,nan,nan,nan,nan,0.000000
385,-81.000000,-101.000000,nan,nan,nan,nan,nan,-4.000000
386,-81.000000,-101.000000,nan,nan,nan,nan,nan,0.000000
387,-81.000000,-101.000000,nan,nan,nan,nan,nan,0.000000
388,-83.000000,-97.000000,nan,nan,nan,nan,nan,-2.000000
389,-83.000000,-97.000000,nan,nan,nan,nan,nan,0.000000
390,-81.000000,-97.000000,nan,nan,nan,nan,nan,2.000000
391,-81.000000,-97.000000,nan,nan,nan,nan,nan,0.000000
392,-81.000000,-89.000000,nan,nan,nan,nan,nan,0.000000
393,-81.000000,-89.000000,nan,nan,nan,nan,nan,0.000000
394,-81.000000,-89.000000,nan,nan,nan,nan,nan,0.000000
395,-81.000000,-89.000000,nan,nan,nan,nan,nan,0.000000
396,-81.000000,-89.000000,nan,nan,nan,nan,nan,0.000000
397,-81.000000,-89.000000,nan,nan,nan,nan,nan,0.000000
398,-77.000000,-81.000000,nan,nan,nan,nan,nan,4.000000
399,-77.000000,-81.000000,nan,nan,nan,nan,nan,0.000000
400,-77.000000,-81.000000,nan,nan,nan,nan,nan,0.000000
401,-71.000000,-81.000000,nan,nan,nan,nan,nan,6.000000
402,-71.000000,-81.000000,nan,nan,nan,nan,nan,0.000000
403,-73.000000,-79.000000,nan,nan,nan,nan,nan,-2.000000
404,-73.000000,-79.000000,nan,nan,nan,nan,nan,0.000000
405,-73.000000,-79.000000,nan,nan,nan,nan,nan,0.000000
406,-75.000000,-79.000000,nan,nan,nan,nan,nan,-2.000000
407,-75.000000,-79.000000,nan,nan,nan,nan,nan,0.000000
408,-79.000000,-79.000000,nan,nan,nan,nan,nan,-4.000000
409,-79.000000,-79.000000,nan,nan,nan,nan,nan,0.000000
410,-83.000000,-79.000000,nan,nan,nan,nan,nan,-4.000000
411,-83.000000,-79.000000,nan,nan,nan,nan,nan,0.000000
412,-83.000000,-79.000000,nan,nan,nan,nan,nan,0.000000
413,-85.000000,-75.000000,nan,nan,nan,nan,nan,-2.000000
414,-85.000000,-75.000000,nan,nan,nan,nan,nan,0.000000
415,-85.000000,-75.000000,nan,nan,nan,nan,nan,0.000000
416,-85.000000,-75.000000,nan,nan,nan,nan,nan,0.000000
417,-81.000000,-73.000000,nan,nan,nan,nan,nan,4.000000
418,-81.000000,-73.000000,nan,nan,nan,nan,nan,0.000000
419,-81.000000,-73.000000,nan,nan,nan,nan,nan,0.000000
420,-83.000000,-73.000000,nan,nan,nan,nan,nan,-2.000000
421,-83.000000,-73.000000,nan,nan,nan,nan,nan,0.000000
422,-83.000000,-73.000000,nan,nan,nan,nan,nan,0.000000
423,-81.000000,-73.000000,nan,nan,nan,nan,nan,2.000000
424,-81.000000,-73.000000,nan,nan,nan,nan,nan,0.000000
425,-77.000000,-73.000000,nan,nan,nan,nan,nan,4.000000
426,-77.000000,-73.000000,nan,nan,nan,nan,nan,0.000000
427,-77.000000,-73.000000,nan,nan,nan,nan,nan,0.000000
428,-79.000000,-69.000000,nan,nan,nan,nan,nan,-2.000000
429,-79.000000,-69.000000,nan,nan,nan,nan,nan,0.000000
430,-79.000000,-69.000000,nan,nan,nan,nan,nan,0.000000
431,-79.000000,-69.000000,nan,nan,nan,nan,nan,0.000000
432,-79.000000,-69.000000,nan,nan,nan,nan,nan,0.000000
433,-83.000000,-73.000000,nan,nan,nan,nan,nan,-4.000000
434,-83.000000,-73.000000,nan,nan,nan,nan,nan,0.000000
435,-83.000000,-73.000000,nan,nan,nan,nan,nan,0.000000
436,-87.000000,-73.000000,nan,nan,nan,nan,nan,-4.000000
437,-87.000000,-73.000000,nan,nan,nan,nan,nan,0.000000
438,-91.000000,-77.000000,nan,nan,nan,nan,nan,-4.000000
439,-91.000000,-77.000000,nan,nan,nan,nan,nan,0.000000
440,-91.000000,-77.000000,nan,nan,nan,nan,nan,0.000000
441,-87.000000,-77.000000,nan,nan,nan,nan,nan,4.000000
442,-87.000000,-77.000000,nan,nan,nan,nan,nan,0.000000
443,-83.000000,-81.000000,nan,nan,nan,nan,nan,4.000000
444,-83.000000,-81.000000,nan,nan,nan,nan,nan,0.000000
445,-79.000000,-81.000000,nan,nan,nan,nan,nan,4.000000
446,-79.000000,-81.000000,nan,nan,nan,nan,nan,0.000000
447,-79.000000,-81.000000,nan,nan,nan,nan,nan,0.000000
448,-79.000000,-81.000000,nan,nan,nan,nan,nan,0.000000
449,-79.000000,-81.000000,nan,nan,nan,nan,nan,0.000000
450,-77.000000,-83.000000,nan,nan,nan,nan,nan,2.000000
451,-77.000000,-83.000000,nan,nan,nan,nan,nan,0.000000
452,-77.000000,-83.000000,nan,nan,nan,nan,nan,0.000000
453,-81.000000,-83.000000,nan,nan,nan,nan,nan,-4.000000
454,-81.000000,-83.000000,nan,nan,nan,nan,nan,0.000000
455,-81.000000,-83.000000,nan,nan,nan,nan,nan,0.000000
456,-83.000000,-89.000000,nan,nan,nan,nan,nan,-2.000000
457,-83.000000,-89.000000,nan,nan,nan,nan,nan,0.000000
458,-83.000000,-89.000000,nan,nan,nan,nan,nan,0.000000
459,-83.000000,-89.000000,nan,nan,nan,nan,nan,0.000000
460,-83.000000,-89.000000,nan,nan,nan,nan,nan,0.000000
461,-85.000000,-87.000000,nan,nan,nan,nan,nan,-2.000000
462,-85.000000,-87.000000,nan,nan,nan,nan,nan,0.000000
463,-93.000000,-87.000000,nan,nan,nan,nan,nan,-8.000000
464,-93.000000,-87.000000,nan,nan,nan,nan,nan,0.000000
465,-93.000000,-87.000000,nan,nan,nan,nan,nan,0.000000
466,-97.000000,-91.000000,nan,nan,nan,nan,nan,-4.000000
467,-97.000000,-91.000000,nan,nan,nan,nan,nan,0.000000
468,-97.000000,-91.000000,nan,nan,nan,nan,nan,0.000000
469,-97.000000,-91.000000,nan,nan,nan,nan,nan,0.000000
470,-83.000000,-85.000000,nan,nan,nan,nan,nan,14.000000
471,-79.000000,-73.000000,nan,nan,nan,nan,nan,4.000000
472,-75.000000,-65.000000,nan,nan,nan,nan,nan,4.000000
473,-75.000000,-65.000000,nan,nan,nan,nan,nan,0.000000
474,-75.000000,-65.000000,nan,nan,nan,nan,nan,0.000000
475,-75.000000,-65.000000,nan,nan,nan,nan,nan,0.000000
476,-73.000000,-53.000000,nan,nan,nan,nan,nan,2.000000
477,-73.000000,-53.000000,nan,nan,nan,nan,nan,0.000000
478,-73.000000,-53.000000,nan,nan,nan,nan,nan,0.000000
479,-73.000000,-57.000000,nan,nan,nan,nan,nan,0.000000
480,-73.000000,-57.000000,nan,nan,nan,nan,nan,0.000000
481,-73.000000,-57.000000,nan,nan,nan,nan,nan,0.000000
482,-71.000000,-57.000000,nan,nan,nan,nan,nan,2.000000
483,-71.000000,-57.000000,nan,nan,nan,nan,nan,0.000000
484,-71.000000,-57.000000,nan,nan,nan,nan,nan,0.000000
485,-71.000000,-57.000000,nan,nan,nan,nan,nan,0.000000
486,-71.000000,-57.000000,nan,nan,nan,nan,nan,0.000000
487,-73.000000,-65.000000,nan,nan,nan,nan,nan,-2.000000
488,-73.000000,-65.000000,nan,nan,nan,nan,nan,0.000000
489,-75.000000,-67.000000,nan,nan,nan,nan,nan,-2.000000
490,-75.000000,-67.000000,nan,nan,nan,nan,nan,0.000000
491,-75.000000,-67.000000,nan,nan,nan,nan,nan,0.000000
492,-75.000000,-73.000000,nan,nan,nan,nan,nan,0.000000
493,-75.000000,-73.000000,nan,nan,nan,nan,nan,0.000000
494,-75.000000,-73.000000,nan,nan,nan,nan,nan,0.000000
495,-77.000000,-79.000000,nan,nan,nan,nan,nan,-2.000000
496,-77.000000,-79.000000,nan,nan,nan,nan,nan,0.000000
497,-79.000000,-83.000000,nan,nan,nan,nan,nan,-2.000000
498,-79.000000,-83.000000,nan,nan,nan,nan,nan,0.000000
499,-79.000000,-83.000000,nan,nan,nan,nan,nan,0.000000
500,-81.000000,-87.000000,nan,nan,nan,nan,nan,-2.000000
501,-81.000000,-87.000000,nan,nan,nan,nan,nan,0.000000
502,-81.000000,-87.000000,nan,nan,nan,nan,nan,0.000000
503,-81.000000,-93.000000,nan,nan,nan,nan,nan,0.000000
504,-81.000000,-93.000000,nan,nan,nan,nan,nan,0.000000
505,-81.000000,-93.000000,nan,nan,nan,nan,nan,0.000000
506,-81.000000,-95.000000,nan,nan,nan,nan,nan,0.000000
507,-81.000000,-95.000000,nan,nan,nan,nan,nan,0.000000
508,-81.000000,-97.000000,nan,nan,nan,nan,nan,0.000000
509,-81.000000,-97.000000,nan,nan,nan,nan,nan,0.000000
510,-81.000000,-97.000000,nan,nan,nan,nan,nan,0.000000
511,-77.000000,-105.000000,nan,nan,nan,nan,nan,4.000000
512,-77.000000,-105.000000,nan,nan,nan,nan,nan,0.000000
513,-77.000000,-105.000000,nan,nan,nan,nan,nan,0.000000
514,-77.000000,-109.000000,nan,nan,nan,nan,nan,0.000000
515,-77.000000,-109.000000,nan,nan,nan,nan,nan,0.000000
516,-91.000000,-79.000000,nan,nan,nan,nan,nan,-6.000000
517,-91.000000,-79.000000,nan,nan,nan,nan,nan,0.000000
518,-97.000000,-73.000000,nan,nan,nan,nan,nan,-6.000000
519,-97.000000,-73.000000,-81.000000,nan,nan,nan,nan,0.000000
520,-99.000000,-59.000000,-75.000000,nan,nan,nan,nan,-2.000000
521,-77.000000,-69.000000,nan,nan,nan,nan,nan,-2.000000
522,-71.000000,-33.000000,nan,nan,nan,nan,nan,6.000000
523,-67.000000,-25.000000,-69.000000,nan,nan,nan,nan,0.000000
524,-67.000000,-41.000000,-63.000000,nan,nan,nan,nan,0.000000
525,-67.000000,-41.000000,-63.000000,nan,nan,nan,nan,0.000000
526,-67.000000,-41.000000,-63.000000,nan,nan,nan,nan,0.000000
527,-61.000000,-37.000000,-69.000000,-73.000000,nan,nan,nan,6.000000
528,-61.000000,-37.000000,-69.000000,-73.000000,nan,nan,nan,0.000000
529,-61.000000,-37.000000,-65.000000,-69.000000,nan,nan,nan,0.000000
530,-61.000000,-37.000000,-61.000000,-65.000000,-69.000000,nan,nan,0.000000
531,-63.000000,-37.000000,-63.000000,-63.000000,-69.000000,-73.000000,nan,-2.000000
532,-63.000000,-37.000000,-63.000000,-63.000000,-69.000000,-73.000000,nan,0.000000
533,-63.000000,-37.000000,-63.000000,-63.000000,-69.000000,-73.000000,nan,0.000000
534,-67.000000,-39.000000,-63.000000,-65.000000,-69.000000,-71.000000,nan,-4.000000
535,-67.000000,-39.000000,-63.000000,-65.000000,-69.000000,-71.000000,nan,0.000000
536,-73.000000,-39.000000,-59.000000,-65.000000,-67.000000,-69.000000,nan,-6.000000
537,-73.000000,-39.000000,-59.000000,-65.000000,-67.000000,-69.000000,nan,0.000000
538,-73.000000,-47.000000,-55.000000,-63.000000,-65.000000,-67.000000,nan,0.000000
539,-73.000000,-47.000000,-55.000000,-63.000000,-65.000000,-67.000000,nan,0.000000
540,-73.000000,-47.000000,-55.000000,-63.000000,-65.000000,-67.000000,nan,0.000000
541,-77.000000,-47.000000,-57.000000,-63.000000,-65.000000,-67.000000,nan,-4.000000
542,-77.000000,-47.000000,-57.000000,-63.000000,-65.000000,-67.000000,nan,0.000000
543,-81.000000,-55.000000,-57.000000,-57.000000,-63.000000,-63.000000,nan,-4.000000
544,-81.000000,-55.000000,-57.000000,-57.000000,-63.000000,-63.000000,nan,0.000000
545,-81.000000,-55.000000,-57.000000,-57.000000,-63.000000,-63.000000,nan,0.000000
546,-83.000000,-51.000000,-55.000000,-57.000000,-57.000000,-61.000000,nan,-2.000000
547,-83.000000,-51.000000,-55.000000,-57.000000,-57.000000,-61.000000,nan,0.000000
548,-87.000000,-37.000000,-43.000000,-55.000000,-57.000000,-67.000000,nan,-4.000000
549,-87.000000,-37.000000,-43.000000,-55.000000,-57.000000,-67.000000,nan,0.000000
550,-87.000000,-37.000000,-43.000000,-55.000000,-57.000000,-67.000000,nan,0.000000
551,-91.000000,-33.000000,-37.000000,-49.000000,-51.000000,-63.000000,nan,-4.000000
552,-91.000000,-33.000000,-37.000000,-49.000000,-51.000000,-63.000000,nan,0.000000
553,-93.000000,-25.000000,-33.000000,-45.000000,-49.000000,-67.000000,nan,-2.000000
554,-61.000000,-35.000000,-37.000000,-45.000000,-63.000000,nan,nan,32.000000
555,-61.000000,-31.000000,-37.000000,nan,nan,nan,nan,0.000000
556,-61.000000,-31.000000,-37.000000,-95.000000,nan,nan,nan,0.000000
557,-63.000000,-31.000000,-37.000000,-85.000000,-95.000000,nan,nan,-2.000000
558,-63.000000,-31.000000,-37.000000,-71.000000,-85.000000,-95.000000,nan,0.000000
559,-69.000000,-29.000000,-31.000000,-37.000000,-71.000000,nan,nan,-6.000000
560,-69.000000,-29.000000,-31.000000,-37.000000,-71.000000,nan,nan,0.000000
561,-73.000000,-29.000000,-35.000000,-35.000000,-59.000000,nan,nan,-4.000000
562,-73.000000,-29.000000,-35.000000,-35.000000,-59.000000,nan,nan,0.000000
563,-73.000000,-27.000000,-35.000000,-37.000000,-59.000000,-63.000000,nan,0.000000
564,-73.000000,-27.000000,-35.000000,-37.000000,-59.000000,-63.000000,nan,0.000000
565,-73.000000,-27.000000,-27.000000,-37.000000,-55.000000,-55.000000,nan,0.000000
566,-73.000000,-27.000000,-27.000000,-37.000000,-55.000000,-55.000000,nan,0.000000
567,-73.000000,-27.000000,-27.000000,-37.000000,-55.000000,-55.000000,nan,0.000000
568,-77.000000,-23.000000,-31.000000,-39.000000,-45.000000,-51.000000,nan,-4.000000
569,-77.000000,-23.000000,-31.000000,-39.000000,-45.000000,-51.000000,nan,0.000000
570,-79.000000,-23.000000,-31.000000,-31.000000,-39.000000,-39.000000,nan,-2.000000
571,-79.000000,-23.000000,-31.000000,-31.000000,-39.000000,-39.000000,nan,0.000000
572,-71.000000,-25.000000,-31.000000,-31.000000,-39.000000,-55.000000,nan,8.000000
573,-71.000000,-25.000000,-31.000000,-31.000000,-39.000000,-55.000000,nan,0.000000
574,-79.000000,-29.000000,-29.000000,-31.000000,-39.000000,-55.000000,nan,-8.000000
575,-79.000000,-29.000000,-29.000000,-31.000000,-39.000000,-55.000000,nan,0.000000
576,-85.000000,-27.000000,-29.000000,-31.000000,-41.000000,-57.000000,nan,-6.000000
577,-85.000000,-27.000000,-29.000000,-31.000000,-41.000000,-57.000000,nan,0.000000
578,-85.000000,-25.000000,-33.000000,-37.000000,-41.000000,-57.000000,nan,0.000000
579,-85.000000,-25.000000,-33.000000,-37.000000,-41.000000,-57.000000,nan,0.000000
580,-73.000000,-79.000000,nan,nan,nan,nan,nan,0.000000
581,-73.000000,-79.000000,nan,nan,nan,nan,nan,0.000000
582,-71.000000,-77.000000,nan,nan,nan,nan,nan,2.000000
583,-71.000000,-77.000000,nan,nan,nan,nan,nan,0.000000
584,-73.000000,-55.000000,nan,nan,nan,nan,nan,-2.000000
585,-77.000000,-51.000000,nan,nan,nan,nan,nan,-4.000000
586,-77.000000,-55.000000,nan,nan,nan,nan,nan,0.000000
587,-79.000000,-57.000000,nan,nan,nan,nan,nan,-2.000000
588,-79.000000,-51.000000,nan,nan,nan,nan,nan,0.000000
589,-85.000000,-59.000000,nan,nan,nan,nan,nan,-6.000000
590,-87.000000,-55.000000,nan,nan,nan,nan,nan,-2.000000
591,-87.000000,-45.000000,nan,nan,nan,nan,nan,0.000000
592,-95.000000,-45.000000,nan,nan,nan,nan,nan,-8.000000
593,-105.000000,-61.000000,nan,nan,nan,nan,nan,-10.000000
594,-107.000000,-55.000000,nan,nan,nan,nan,nan,-2.000000
595,-107.000000,-73.000000,nan,nan,nan,nan,nan,0.000000
596,-107.000000,-51.000000,nan,nan,nan,nan,nan,0.000000
597,-107.000000,-55.000000,nan,nan,nan,nan,nan,0.000000
598,-85.000000,-107.000000,nan,nan,nan,nan,nan,22.000000
599,-75.000000,-109.000000,nan,nan,nan,nan,nan,10.000000
600,-81.000000,-109.000000,nan,nan,nan,nan,nan,-6.000000
601,-83.000000,-7.000000,nan,nan,nan,nan,nan,6.000000
602,-77.000000,-7.000000,nan,nan,nan,nan,nan,6.000000
603,-77.000000,-7.000000,nan,nan,nan,nan,nan,0.000000
604,-77.000000,-7.000000,nan,nan,nan,nan,nan,0.000000
605,-71.000000,-7.000000,nan,nan,nan,nan,nan,6.000000
606,-73.000000,-7.000000,nan,nan,nan,nan,nan,-2.000000
607,-79.000000,-7.000000,nan,nan,nan,nan,nan,-6.000000
608,-81.000000,-7.000000,nan,nan,nan,nan,nan,-2.000000
609,-83.000000,-7.000000,nan,nan,nan,nan,nan,-2.000000
610,-81.000000,-7.000000,nan,nan,nan,nan,nan,2.000000
611,-83.000000,-7.000000,nan,nan,nan,nan,nan,-2.000000
612,-81.000000,-7.000000,nan,nan,nan,nan,nan,2.000000
613,-81.000000,-7.000000,nan,nan,nan,nan,nan,0.000000
614,-85.000000,-7.000000,nan,nan,nan,nan,nan,-4.000000
615,-85.000000,-7.000000,nan,nan,nan,nan,nan,0.000000
616,-81.000000,-7.000000,nan,nan,nan,nan,nan,4.000000
617,-85.000000,-7.000000,nan,nan,nan,nan,nan,-4.000000
618,-79.000000,-7.000000,nan,nan,nan,nan,nan,6.000000
619,-81.000000,-7.000000,nan,nan,nan,nan,nan,-2.000000
620,-83.000000,-7.000000,nan,nan,nan,nan,nan,-2.000000
621,-81.000000,-7.000000,nan,nan,nan,nan,nan,2.000000
622,-83.000000,-7.000000,nan,nan,nan,nan,nan,-2.000000
623,-85.000000,-7.000000,nan,nan,nan,nan,nan,-2.000000
624,-83.000000,-7.000000,nan,nan,nan,nan,nan,2.000000
625,-83.000000,-7.000000,nan,nan,nan,nan,nan,0.000000
626,-83.000000,-7.000000,nan,nan,nan,nan,nan,0.000000
627,-97.000000,-7.000000,nan,nan,nan,nan,nan,6.000000
628,-99.000000,-7.000000,nan,nan,nan,nan,nan,-2.000000
629,-101.000000,-7.000000,nan,nan,nan,nan,nan,-2.000000
630,-111.000000,-63.000000,nan,nan,nan,nan,nan,-4.000000
631,-109.000000,-63.000000,nan,nan,nan,nan,nan,-4.000000
632,-109.000000,-63.000000,nan,nan,nan,nan,nan,0.000000
633,-111.000000,-63.000000,nan,nan,nan,nan,nan,-2.000000
634,-113.000000,-63.000000,nan,nan,nan,nan,nan,-2.000000
635,-113.000000,-63.000000,nan,nan,nan,nan,nan,0.000000
636,-81.000000,-85.000000,nan,nan,nan,nan,nan,-30.000000
637,-81.000000,-85.000000,nan,nan,nan,nan,nan,0.000000
638,-81.000000,-85.000000,nan,nan,nan,nan,nan,0.000000
639,-95.000000,-79.000000,nan,nan,nan,nan,nan,-14.000000
640,-95.000000,-79.000000,nan,nan,nan,nan,nan,0.000000
641,-95.000000,-79.000000,nan,nan,nan,nan,nan,0.000000
642,-101.000000,-79.000000,nan,nan,nan,nan,nan,-6.000000
643,-101.000000,-79.000000,nan,nan,nan,nan,nan,0.000000
644,-101.000000,-71.000000,nan,nan,nan,nan,nan,0.000000
645,-101.000000,-71.000000,nan,nan,nan,nan,nan,0.000000
646,-81.000000,-107.000000,nan,nan,nan,nan,nan,20.000000
647,-73.000000,-107.000000,nan,nan,nan,nan,nan,8.000000
648,-73.000000,-107.000000,nan,nan,nan,nan,nan,0.000000
649,-73.000000,-107.000000,nan,nan,nan,nan,nan,0.000000
650,-91.000000,-39.000000,nan,nan,nan,nan,nan,-18.000000
651,-99.000000,-41.000000,nan,nan,nan,nan,nan,-8.000000
652,-99.000000,-41.000000,-89.000000,nan,nan,nan,nan,0.000000
653,-99.000000,-41.000000,-89.000000,nan,nan,nan,nan,0.000000
654,-103.000000,-37.000000,-89.000000,nan,nan,nan,nan,-4.000000
655,-89.000000,-63.000000,nan,nan,nan,nan,nan,2.000000
656,-91.000000,-63.000000,nan,nan,nan,nan,nan,-2.000000
657,-93.000000,-63.000000,nan,nan,nan,nan,nan,-2.000000
658,-93.000000,-63.000000,nan,nan,nan,nan,nan,0.000000
659,-93.000000,-63.000000,nan,nan,nan,nan,nan,0.000000
660,-91.000000,-63.000000,nan,nan,nan,nan,nan,-2.000000
661,-89.000000,-63.000000,nan,nan,nan,nan,nan,2.000000
662,-89.000000,-63.000000,nan,nan,nan,nan,nan,0.000000
663,-91.000000,-63.000000,nan,nan,nan,nan,nan,-2.000000
664,-93.000000,-63.000000,nan,nan,nan,nan,nan,-2.000000
665,-91.000000,-63.000000,nan,nan,nan,nan,nan,2.000000
666,-91.000000,-63.000000,nan,nan,nan,nan,nan,0.000000
667,-97.000000,-67.000000,nan,nan,nan,nan,nan,0.000000
668,-97.000000,-67.000000,nan,nan,nan,nan,nan,0.000000
669,-97.000000,-67.000000,nan,nan,nan,nan,nan,0.000000
670,-97.000000,-67.000000,nan,nan,nan,nan,nan,0.000000
671,-103.000000,-67.000000,nan,nan,nan,nan,nan,-6.000000
672,-87.000000,-111.000000,nan,nan,nan,nan,nan,16.000000
673,-69.000000,-109.000000,nan,nan,nan,nan,nan,-4.000000
674,-69.000000,-109.000000,nan,nan,nan,nan,nan,0.000000
675,-69.000000,-109.000000,nan,nan,nan,nan,nan,0.000000
676,-63.000000,-107.000000,nan,nan,nan,nan,nan,6.000000
677,-63.000000,-107.000000,nan,nan,nan,nan,nan,0.000000
678,-65.000000,-109.000000,nan,nan,nan,nan,nan,-2.000000
679,-65.000000,-109.000000,nan,nan,nan,nan,nan,0.000000
680,-67.000000,-107.000000,nan,nan,nan,nan,nan,-2.000000
681,-67.000000,-107.000000,nan,nan,nan,nan,nan,0.000000
682,-67.000000,-107.000000,nan,nan,nan,nan,nan,0.000000
683,-65.000000,-105.000000,nan,nan,nan,nan,nan,2.000000
684,-65.000000,-105.000000,nan,nan,nan,nan,nan,0.000000
685,-65.000000,-105.000000,nan,nan,nan,nan,nan,0.000000
686,-67.000000,-105.000000,nan,nan,nan,nan,nan,-2.000000
687,-67.000000,-105.000000,nan,nan,nan,nan,nan,0.000000
688,-67.000000,-105.000000,nan,nan,nan,nan,nan,0.000000
689,-65.000000,-103.000000,nan,nan,nan,nan,nan,2.000000
690,-65.000000,-103.000000,nan,nan,nan,nan,nan,0.000000
691,-67.000000,-103.000000,nan,nan,nan,nan,nan,-2.000000
692,-67.000000,-103.000000,nan,nan,nan,nan,nan,0.000000
693,-67.000000,-103.000000,nan,nan,nan,nan,nan,0.000000
694,-67.000000,-103.000000,nan,nan,nan,nan,nan,0.000000
695,-69.000000,-69.000000,nan,nan,nan,nan,nan,-4.000000
696,-69.000000,-67.000000,nan,nan,nan,nan,nan,0.000000
697,-69.000000,-69.000000,nan,nan,nan,nan,nan,0.000000
698,-69.000000,-71.000000,nan,nan,nan,nan,nan,0.000000
699,-69.000000,-71.000000,nan,nan,nan,nan,nan,0.000000
700,-69.000000,-69.000000,nan,nan,nan,nan,nan,0.000000
701,-69.000000,-69.000000,nan,nan,nan,nan,nan,0.000000
702,-67.000000,-69.000000,nan,nan,nan,nan,nan,2.000000
703,-65.000000,-67.000000,nan,nan,nan,nan,nan,2.000000
704,-65.000000,-67.000000,nan,nan,nan,nan,nan,0.000000
705,-69.000000,-81.000000,nan,nan,nan,nan,nan,-4.000000
706,-69.000000,-81.000000,nan,nan,nan,nan,nan,0.000000
707,-73.000000,-93.000000,nan,nan,nan,nan,nan,-4.000000
708,-73.000000,-93.000000,nan,nan,nan,nan,nan,0.000000
709,-73.000000,-93.000000,nan,nan,nan,nan,nan,0.000000
710,-67.000000,-97.000000,nan,nan,nan,nan,nan,6.000000
711,-67.000000,-97.000000,nan,nan,nan,nan,nan,0.000000
712,-69.000000,-101.000000,nan,nan,nan,nan,nan,-2.000000
713,-69.000000,-101.000000,nan,nan,nan,nan,nan,0.000000
714,-69.000000,-101.000000,nan,nan,nan,nan,nan,0.000000
715,-75.000000,-103.000000,nan,nan,nan,nan,nan,-6.000000
716,-75.000000,-103.000000,nan,nan,nan,nan,nan,0.000000
717,-83.000000,-103.000000,nan,nan,nan,nan,nan,-8.000000
718,-83.000000,-109.000000,nan,nan,nan,nan,nan,0.000000
719,-83.000000,-109.000000,nan,nan,nan,nan,nan,0.000000
720,-85.000000,-109.000000,nan,nan,nan,nan,nan,0.000000
721,-85.000000,-109.000000,nan,nan,nan,nan,nan,0.000000
722,-85.000000,-109.000000,nan,nan,nan,nan,nan,0.000000
723,-83.000000,-109.000000,nan,nan,nan,nan,nan,2.000000
724,-83.000000,-109.000000,nan,nan,nan,nan,nan,0.000000
725,-83.000000,-109.000000,nan,nan,nan,nan,nan,0.000000
726,-67.000000,-89.000000,nan,nan,nan,nan,nan,2.000000
727,-67.000000,-89.000000,nan,nan,nan,nan,nan,0.000000
728,-67.000000,-89.000000,nan,nan,nan,nan,nan,0.000000
729,-69.000000,-97.000000,nan,nan,nan,nan,nan,-2.000000
730,-69.000000,-97.000000,nan,nan,nan,nan,nan,0.000000
731,-69.000000,-93.000000,nan,nan,nan,nan,nan,0.000000
732,-69.000000,-93.000000,nan,nan,nan,nan,nan,0.000000
733,-69.000000,-93.000000,nan,nan,nan,nan,nan,0.000000
734,-63.000000,-83.000000,nan,nan,nan,nan,nan,6.000000
735,-63.000000,-83.000000,nan,nan,nan,nan,nan,0.000000
736,-59.000000,-73.000000,nan,nan,nan,nan,nan,4.000000
737,-59.000000,-73.000000,nan,nan,nan,nan,nan,0.000000
738,-59.000000,-73.000000,nan,nan,nan,nan,nan,0.000000
739,-63.000000,-71.000000,nan,nan,nan,nan,nan,-4.000000
740,-63.000000,-71.000000,nan,nan,nan,nan,nan,0.000000
741,-63.000000,-71.000000,nan,nan,nan,nan,nan,0.000000
742,-71.000000,-89.000000,nan,nan,nan,nan,nan,-8.000000
743,-71.000000,-89.000000,nan,nan,nan,nan,nan,0.000000
744,-71.000000,-89.000000,nan,nan,nan,nan,nan,0.000000
745,-75.000000,-91.000000,nan,nan,nan,nan,nan,-4.000000
746,-75.000000,-91.000000,nan,nan,nan,nan,nan,0.000000
747,-77.000000,-79.000000,nan,nan,nan,nan,nan,-2.000000
748,-77.000000,-79.000000,nan,nan,nan,nan,nan,0.000000
749,-77.000000,-79.000000,nan,nan,nan,nan,nan,0.000000
750,-79.000000,-73.000000,nan,nan,nan,nan,nan,-2.000000
751,-79.000000,-73.000000,nan,nan,nan,nan,nan,0.000000
752,-79.000000,-73.000000,nan,nan,nan,nan,nan,0.000000
753,-71.000000,-57.000000,nan,nan,nan,nan,nan,8.000000
754,-71.000000,-57.000000,nan,nan,nan,nan,nan,0.000000
755,-73.000000,-39.000000,nan,nan,nan,nan,nan,-2.000000
756,-73.000000,-39.000000,nan,nan,nan,nan,nan,0.000000
757,-73.000000,-39.000000,nan,nan,nan,nan,nan,0.000000
758,-71.000000,-33.000000,nan,nan,nan,nan,nan,2.000000
759,-71.000000,-33.000000,nan,nan,nan,nan,nan,0.000000
760,-75.000000,-33.000000,nan,nan,nan,nan,nan,-4.000000
761,-73.000000,-45.000000,nan,nan,nan,nan,nan,2.000000
762,-69.000000,-47.000000,nan,nan,nan,nan,nan,4.000000
763,-69.000000,-47.000000,nan,nan,nan,nan,nan,0.000000
764,-67.000000,-53.000000,nan,nan,nan,nan,nan,2.000000
765,-67.000000,-53.000000,nan,nan,nan,nan,nan,0.000000
766,-67.000000,-53.000000,nan,nan,nan,nan,nan,0.000000
767,-65.000000,-55.000000,nan,nan,nan,nan,nan,2.000000
768,-65.000000,-55.000000,nan,nan,nan,nan,nan,0.000000
769,-63.000000,-57.000000,nan,nan,nan,nan,nan,2.000000
770,-63.000000,-57.000000,nan,nan,nan,nan,nan,0.000000
771,-63.000000,-57.000000,nan,nan,nan,nan,nan,0.000000
772,-67.000000,-63.000000,nan,nan,nan,nan,nan,-4.000000
773,-67.000000,-63.000000,nan,nan,nan,nan,nan,0.000000
774,-67.000000,-63.000000,nan,nan,nan,nan,nan,0.000000
775,-67.000000,-83.000000,nan,nan,nan,nan,nan,0.000000
776,-67.000000,-83.000000,nan,nan,nan,nan,nan,0.000000
777,-69.000000,-93.000000,nan,nan,nan,nan,nan,-2.000000
778,-69.000000,-93.000000,nan,nan,nan,nan,nan,0.000000
779,-69.000000,-93.000000,nan,nan,nan,nan,nan,0.000000
780,-71.000000,-95.000000,nan,nan,nan,nan,nan,-2.000000
781,-71.000000,-95.000000,nan,nan,nan,nan,nan,0.000000
782,-73.000000,-103.000000,nan,nan,nan,nan,nan,-2.000000
783,-73.000000,-103.000000,nan,nan,nan,nan,nan,0.000000
784,-73.000000,-103.000000,nan,nan,nan,nan,nan,0.000000
785,-71.000000,-103.000000,nan,nan,nan,nan,nan,2.000000
786,-71.000000,-103.000000,nan,nan,nan,nan,nan,0.000000
787,-67.000000,-105.000000,nan,nan,nan,nan,nan,4.000000
788,-67.000000,-105.000000,nan,nan,nan,nan,nan,0.000000
789,-67.000000,-105.000000,nan,nan,nan,nan,nan,0.000000
790,-65.000000,-107.000000,nan,nan,nan,nan,nan,2.000000
791,-65.000000,-107.000000,nan,nan,nan,nan,nan,0.000000
792,-65.000000,-107.000000,nan,nan,nan,nan,nan,0.000000
793,-61.000000,-109.000000,nan,nan,nan,nan,nan,4.000000
794,-61.000000,-109.000000,nan,nan,nan,nan,nan,0.000000
795,-61.000000,-109.000000,nan,nan,nan,nan,nan,0.000000
796,-61.000000,-109.000000,nan,nan,nan,nan,nan,0.000000
797,-61.000000,-109.000000,nan,nan,nan,nan,nan,0.000000
798,-61.000000,-109.000000,nan,nan,nan,nan,nan,0.000000
799,-61.000000,-109.000000,nan,nan,nan,nan,nan,0.000000
800,-83.000000,-91.000000,nan,nan,nan,nan,nan,-8.000000
801,-83.000000,-91.000000,nan,nan,nan,nan,nan,0.000000
802,-83.000000,-91.000000,nan,nan,nan,nan,nan,0.000000
803,-83.000000,-91.000000,nan,nan,nan,nan,nan,0.000000
804,-83.000000,-91.000000,nan,nan,nan,nan,nan,0.000000
805,-83.000000,-91.000000,nan,nan,nan,nan,nan,0.000000
806,-83.000000,-91.000000,nan,nan,nan,nan,nan,0.000000
807,-83.000000,-81.000000,nan,nan,nan,nan,nan,0.000000
808,-83.000000,-81.000000,nan,nan,nan,nan,nan,0.000000
809,-83.000000,-81.000000,nan,nan,nan,nan,nan,0.000000
810,-87.000000,-85.000000,nan,nan,nan,nan,nan,-4.000000
811,-87.000000,-85.000000,nan,nan,nan,nan,nan,0.000000
812,-87.000000,-85.000000,nan,nan,nan,nan,nan,0.000000
813,-93.000000,-91.000000,nan,nan,nan,nan,nan,-6.000000
814,-93.000000,-91.000000,nan,nan,nan,nan,nan,0.000000
815,-93.000000,-91.000000,nan,nan,nan,nan,nan,0.000000
816,-99.000000,-93.000000,nan,nan,nan,nan,nan,-6.000000
817,-99.000000,-93.000000,nan,nan,nan,nan,nan,0.000000
818,-103.000000,-95.000000,nan,nan,nan,nan,nan,-4.000000
819,-103.000000,-95.000000,nan,nan,nan,nan,nan,0.000000
820,-103.000000,-95.000000,nan,nan,nan,nan,nan,0.000000
821,-103.000000,-93.000000,nan,nan,nan,nan,nan,0.000000
822,-101.000000,-105.000000,nan,nan,nan,nan,nan,2.000000
823,-89.000000,-107.000000,nan,nan,nan,nan,nan,12.000000
824,-89.000000,-103.000000,nan,nan,nan,nan,nan,0.000000
825,-89.000000,-103.000000,nan,nan,nan,nan,nan,0.000000
826,-85.000000,-103.000000,nan,nan,nan,nan,nan,4.000000
827,-83.000000,-103.000000,nan,nan,nan,nan,nan,2.000000
828,-83.000000,-103.000000,nan,nan,nan,nan,nan,0.000000
829,-85.000000,-103.000000,nan,nan,nan,nan,nan,-2.000000
830,-85.000000,-103.000000,nan,nan,nan,nan,nan,0.000000
831,-85.000000,-103.000000,nan,nan,nan,nan,nan,0.000000
832,-65.000000,-103.000000,nan,nan,nan,nan,nan,0.000000
833,-65.000000,-103.000000,nan,nan,nan,nan,nan,0.000000
834,-65.000000,-99.000000,nan,nan,nan,nan,nan,0.000000
835,-65.000000,-99.000000,nan,nan,nan,nan,nan,0.000000
836,-65.000000,-99.000000,nan,nan,nan,nan,nan,0.000000
837,-71.000000,-101.000000,nan,nan,nan,nan,nan,-6.000000
838,-71.000000,-101.000000,nan,nan,nan,nan,nan,0.000000
839,-71.000000,-101.000000,nan,nan,nan,nan,nan,0.000000
840,-75.000000,-95.000000,nan,nan,nan,nan,nan,-4.000000
841,-75.000000,-95.000000,nan,nan,nan,nan,nan,0.000000
842,-79.000000,-97.000000,nan,nan,nan,nan,nan,-4.000000
843,-79.000000,-97.000000,nan,nan,nan,nan,nan,0.000000
844,-79.000000,-97.000000,nan,nan,nan,nan,nan,0.000000
845,-83.000000,-91.000000,nan,nan,nan,nan,nan,-4.000000
846,-83.000000,-91.000000,nan,nan,nan,nan,nan,0.000000
847,-87.000000,-93.000000,nan,nan,nan,nan,nan,-4.000000
848,-87.000000,-93.000000,nan,nan,nan,nan,nan,0.000000
849,-87.000000,-93.000000,nan,nan,nan,nan,nan,0.000000
850,-83.000000,-87.000000,nan,nan,nan,nan,nan,4.000000
851,-83.000000,-87.000000,nan,nan,nan,nan,nan,0.000000
852,-75.000000,-83.000000,nan,nan,nan,nan,nan,8.000000
853,-75.000000,-83.000000,nan,nan,nan,nan,nan,0.000000
854,-75.000000,-83.000000,nan,nan,nan,nan,nan,0.000000
855,-75.000000,-79.000000,nan,nan,nan,nan,nan,0.000000
856,-75.000000,-79.000000,nan,nan,nan,nan,nan,0.000000
857,-75.000000,-79.000000,nan,nan,nan,nan,nan,0.000000
858,-77.000000,-75.000000,nan,nan,nan,nan,nan,-2.000000
859,-77.000000,-75.000000,nan,nan,nan,nan,nan,0.000000
860,-81.000000,-77.000000,nan,nan,nan,nan,nan,-4.000000
861,-81.000000,-77.000000,nan,nan,nan,nan,nan,0.000000
862,-81.000000,-75.000000,nan,nan,nan,nan,nan,0.000000
863,-81.000000,-75.000000,nan,nan,nan,nan,nan,0.000000
864,-81.000000,-75.000000,nan,nan,nan,nan,nan,0.000000
865,-85.000000,-79.000000,nan,nan,nan,nan,nan,-4.000000
866,-85.000000,-5.000000,nan,nan,nan,nan,nan,6.000000
867,-89.000000,-5.000000,nan,nan,nan,nan,nan,-4.000000
868,-89.000000,-5.000000,nan,nan,nan,nan,nan,0.000000
869,-97.000000,-5.000000,nan,nan,nan,nan,nan,-8.000000
870,-99.000000,-5.000000,nan,nan,nan,nan,nan,-2.000000
871,-99.000000,21461.000000,-5.000000,-81.000000,nan,nan,nan,0.000000
872,-103.000000,21461.000000,-5.000000,-67.000000,nan,nan,nan,-4.000000
873,-95.000000,21461.000000,-5.000000,-79.000000,nan,nan,nan,8.000000
874,-91.000000,21461.000000,-5.000000,-75.000000,nan,nan,nan,4.000000
875,-95.000000,21461.000000,-5.000000,-75.000000,nan,nan,nan,-4.000000
876,-93.000000,21461.000000,-5.000000,-75.000000,nan,nan,nan,2.000000
877,-89.000000,21461.000000,-5.000000,-75.000000,nan,nan,nan,4.000000
878,-89.000000,-5.000000,nan,nan,nan,nan,nan,0.000000
879,-91.000000,-5.000000,nan,nan,nan,nan,nan,-2.000000
880,-89.000000,-5.000000,nan,nan,nan,nan,nan,2.000000
881,-85.000000,-5.000000,nan,nan,nan,nan,nan,4.000000
882,-81.000000,-5.000000,nan,nan,nan,nan,nan,4.000000
883,-85.000000,-5.000000,nan,nan,nan,nan,nan,-4.000000
884,-93.000000,-5.000000,nan,nan,nan,nan,nan,-6.000000
885,-95.000000,-5.000000,nan,nan,nan,nan,nan,-2.000000
886,-97.000000,-5.000000,nan,nan,nan,nan,nan,-2.000000
887,-97.000000,-5.000000,nan,nan,nan,nan,nan,0.000000
888,-97.000000,-5.000000,nan,nan,nan,nan,nan,0.000000
889,-95.000000,-5.000000,nan,nan,nan,nan,nan,2.000000
890,-99.000000,-5.000000,nan,nan,nan,nan,nan,-4.000000
891,-95.000000,-5.000000,nan,nan,nan,nan,nan,4.000000
892,-99.000000,-5.000000,nan,nan,nan,nan,nan,-4.000000
893,-103.000000,21461.000000,-5.000000,-81.000000,nan,nan,nan,-4.000000
894,-103.000000,21461.000000,-5.000000,-81.000000,nan,nan,nan,0.000000
895,-99.000000,21461.000000,-5.000000,-81.000000,nan,nan,nan,4.000000
896,-99.000000,21461.000000,-5.000000,-81.000000,nan,nan,nan,0.000000
897,-99.000000,-5.000000,nan,nan,nan,nan,nan,0.000000
898,-87.000000,-5.000000,nan,nan,nan,nan,nan,12.000000
899,-83.000000,-5.000000,nan,nan,nan,nan,nan,4.000000
900,-83.000000,-5.000000,nan,nan,nan,nan,nan,0.000000
901,-83.000000,-5.000000,nan,nan,nan,nan,nan,0.000000
902,-85.000000,-5.000000,nan,nan,nan,nan,nan,-2.000000
903,-85.000000,-5.000000,nan,nan,nan,nan,nan,0.000000
904,-81.000000,-5.000000,nan,nan,nan,nan,nan,4.000000
905,-85.000000,-5.000000,nan,nan,nan,nan,nan,-4.000000
906,-79.000000,-5.000000,nan,nan,nan,nan,nan,6.000000
907,-83.000000,-5.000000,nan,nan,nan,nan,nan,-4.000000
908,-89.000000,-5.000000,nan,nan,nan,nan,nan,-6.000000
909,-85.000000,-5.000000,nan,nan,nan,nan,nan,4.000000
910,-87.000000,-5.000000,nan,nan,nan,nan,nan,-2.000000
911,-87.000000,-5.000000,nan,nan,nan,nan,nan,0.000000
912,-91.000000,-5.000000,nan,nan,nan,nan,nan,-4.000000
913,-87.000000,-5.000000,nan,nan,nan,nan,nan,4.000000
914,-89.000000,-5.000000,nan,nan,nan,nan,nan,-2.000000
915,-89.000000,-5.000000,nan,nan,nan,nan,nan,0.000000
916,-89.000000,-5.000000,nan,nan,nan,nan,nan,0.000000
917,-89.000000,-5.000000,nan,nan,nan,nan,nan,0.000000
918,-89.000000,-5.000000,nan,nan,nan,nan,nan,0.000000
919,-87.000000,-5.000000,nan,nan,nan,nan,nan,2.000000
920,-83.000000,-5.000000,nan,nan,nan,nan,nan,4.000000
921,-85.000000,-5.000000,nan,nan,nan,nan,nan,-2.000000
922,-85.000000,-5.000000,nan,nan,nan,nan,nan,0.000000
923,-79.000000,-5.000000,nan,nan,nan,nan,nan,6.000000
924,-77.000000,-5.000000,nan,nan,nan,nan,nan,2.000000
925,-75.000000,-5.000000,nan,nan,nan,nan,nan,2.000000
926,-91.000000,-5.000000,nan,nan,nan,nan,nan,-6.000000
927,-95.000000,-5.000000,nan,nan,nan,nan,nan,-4.000000
928,-95.000000,-5.000000,nan,nan,nan,nan,nan,0.000000
929,-95.000000,-5.000000,nan,nan,nan,nan,nan,0.000000
930,-95.000000,-5.000000,nan,nan,nan,nan,nan,0.000000
931,-91.000000,-5.000000,nan,nan,nan,nan,nan,4.000000
932,-95.000000,-5.000000,nan,nan,nan,nan,nan,-4.000000
933,-95.000000,21461.000000,-5.000000,-75.000000,nan,nan,nan,0.000000
934,-97.000000,21461.000000,-5.000000,-75.000000,nan,nan,nan,-2.000000
935,-97.000000,21461.000000,-5.000000,-75.000000,nan,nan,nan,0.000000
936,-89.000000,21461.000000,-5.000000,-75.000000,nan,nan,nan,8.000000
937,-87.000000,21461.000000,-5.000000,-75.000000,nan,nan,nan,2.000000
938,-93.000000,21461.000000,-5.000000,-75.000000,nan,nan,nan,-6.000000
939,-89.000000,21461.000000,-5.000000,-75.000000,nan,nan,nan,4.000000
940,-89.000000,21511.000000,-5.000000,nan,nan,nan,nan,0.000000
941,-93.000000,21511.000000,-5.000000,nan,nan,nan,nan,-4.000000
942,-87.000000,21511.000000,-5.000000,nan,nan,nan,nan,6.000000
943,-87.000000,-111.000000,nan,nan,nan,nan,nan,0.000000
944,-83.000000,-111.000000,nan,nan,nan,nan,nan,4.000000
945,-81.000000,-111.000000,nan,nan,nan,nan,nan,2.000000
946,-81.000000,-111.000000,nan,nan,nan,nan,nan,0.000000
947,-83.000000,-111.000000,nan,nan,nan,nan,nan,-2.000000
948,-85.000000,-111.000000,nan,nan,nan,nan,nan,-2.000000
949,-89.000000,-111.000000,nan,nan,nan,nan,nan,-4.000000
950,-89.000000,-111.000000,nan,nan,nan,nan,nan,0.000000
951,-89.000000,-111.000000,nan,nan,nan,nan,nan,0.000000
952,-89.000000,-111.000000,nan,nan,nan,nan,nan,0.000000
953,-89.000000,-111.000000,nan,nan,nan,nan,nan,0.000000
954,-91.000000,-111.000000,nan,nan,nan,nan,nan,-2.000000
955,-93.000000,-111.000000,nan,nan,nan,nan,nan,-2.000000
956,-101.000000,21461.000000,-5.000000,nan,nan,nan,nan,0.000000
957,-99.000000,21461.000000,-5.000000,nan,nan,nan,nan,2.000000
958,-95.000000,-5.000000,nan,nan,nan,nan,nan,4.000000
959,-93.000000,-5.000000,nan,nan,nan,nan,nan,2.000000
960,-89.000000,-5.000000,nan,nan,nan,nan,nan,4.000000
961,-85.000000,-5.000000,nan,nan,nan,nan,nan,4.000000
962,-85.000000,-5.000000,nan,nan,nan,nan,nan,0.000000
963,-83.000000,-5.000000,nan,nan,nan,nan,nan,2.000000
964,-85.000000,-5.000000,nan,nan,nan,nan,nan,-2.000000
965,-77.000000,-5.000000,nan,nan,nan,nan,nan,2.000000
966,-81.000000,-5.000000,nan,nan,nan,nan,nan,-4.000000
967,-87.000000,-5.000000,nan,nan,nan,nan,nan,-6.000000
968,-81.000000,-5.000000,nan,nan,nan,nan,nan,6.000000
969,-81.000000,-5.000000,nan,nan,nan,nan,nan,0.000000
970,-83.000000,-5.000000,nan,nan,nan,nan,nan,-2.000000
971,-81.000000,-5.000000,nan,nan,nan,nan,nan,2.000000
972,-79.000000,-5.000000,nan,nan,nan,nan,nan,2.000000
973,-79.000000,-5.000000,nan,nan,nan,nan,nan,0.000000
974,-77.000000,-5.000000,nan,nan,nan,nan,nan,2.000000
975,-81.000000,-5.000000,nan,nan,nan,nan,nan,-4.000000
976,-85.000000,-5.000000,nan,nan,nan,nan,nan,-2.000000
977,-85.000000,-5.000000,nan,nan,nan,nan,nan,0.000000
978,-91.000000,21461.000000,-5.000000,-65.000000,nan,nan,nan,-6.000000
979,-91.000000,21461.000000,-5.000000,-87.000000,nan,nan,nan,0.000000
980,-95.000000,21461.000000,-5.000000,-77.000000,nan,nan,nan,-4.000000
981,-95.000000,21461.000000,-5.000000,-77.000000,nan,nan,nan,0.000000
982,-87.000000,21461.000000,309.000000,-49.000000,nan,nan,nan,-2.000000
983,-83.000000,21461.000000,309.000000,-49.000000,nan,nan,nan,4.000000
984,-77.000000,21461.000000,309.000000,-49.000000,nan,nan,nan,6.000000
985,-81.000000,21461.000000,309.000000,-49.000000,nan,nan,nan,-4.000000
986,-85.000000,21461.000000,309.000000,-49.000000,nan,nan,nan,-4.000000
987,-83.000000,21461.000000,309.000000,-49.000000,nan,nan,nan,2.000000
988,-93.000000,21461.000000,309.000000,-69.000000,nan,nan,nan,-6.000000
989,-89.000000,-5.000000,nan,nan,nan,nan,nan,4.000000
990,-89.000000,-5.000000,nan,nan,nan,nan,nan,0.000000
991,-89.000000,-5.000000,nan,nan,nan,nan,nan,0.000000
992,-93.000000,-5.000000,nan,nan,nan,nan,nan,-4.000000
993,-89.000000,21461.000000,-5.000000,-57.000000,nan,nan,nan,4.000000
994,-95.000000,21461.000000,-5.000000,nan,nan,nan,nan,-6.000000
995,-93.000000,21461.000000,-5.000000,nan,nan,nan,nan,2.000000
996,-93.000000,21461.000000,-5.000000,nan,nan,nan,nan,0.000000
997,-91.000000,21461.000000,-5.000000,nan,nan,nan,nan,2.000000
998,-89.000000,21461.000000,-5.000000,nan,nan,nan,nan,2.000000
999,-89.000000,21461.000000,-5.000000,nan,nan,nan,nan,0.000000
1000,-93.000000,21461.000000,-5.000000,nan,nan,nan,nan,-4.000000
1001,-85.000000,21461.000000,-5.000000,nan,nan,nan,nan,8.000000
1002,-91.000000,21461.000000,-5.000000,nan,nan,nan,nan,-6.000000
1003,-95.000000,-5.000000,nan,nan,nan,nan,nan,-4.000000
1004,-95.000000,-5.000000,nan,nan,nan,nan,nan,0.000000
1005,-95.000000,-5.000000,nan,nan,nan,nan,nan,0.000000
1006,-95.000000,-5.000000,nan,nan,nan,nan,nan,0.000000
1007,-97.000000,-5.000000,nan,nan,nan,nan,nan,-2.000000
1008,-95.000000,21461.000000,-5.000000,nan,nan,nan,nan,2.000000
1009,-97.000000,21461.000000,-5.000000,nan,nan,nan,nan,-2.000000
1010,-99.000000,21461.000000,-5.000000,nan,nan,nan,nan,-2.000000
1011,-93.000000,21461.000000,-5.000000,nan,nan,nan,nan,6.000000
1012,-89.000000,21461.000000,-5.000000,nan,nan,nan,nan,4.000000
1013,-89.000000,21461.000000,-5.000000,nan,nan,nan,nan,0.000000
1014,-85.000000,21461.000000,-5.000000,nan,nan,nan,nan,4.000000
1015,-83.000000,-5.000000,nan,nan,nan,nan,nan,0.000000
1016,-77.000000,-5.000000,nan,nan,nan,nan,nan,6.000000
1017,-77.000000,-5.000000,nan,nan,nan,nan,nan,0.000000
1018,-85.000000,-5.000000,nan,nan,nan,nan,nan,-8.000000
1019,-87.000000,-5.000000,nan,nan,nan,nan,nan,-2.000000
1020,-89.000000,-5.000000,nan,nan,nan,nan,nan,-2.000000
1021,-85.000000,-5.000000,nan,nan,nan,nan,nan,4.000000
1022,-85.000000,-5.000000,nan,nan,nan,nan,nan,0.000000
1023,-87.000000,-5.000000,nan,nan,nan,nan,nan,-2.000000
1024,-85.000000,-5.000000,nan,nan,nan,nan,nan,2.000000
1025,-83.000000,-5.000000,nan,nan,nan,nan,nan,2.000000
1026,-85.000000,-5.000000,nan,nan,nan,nan,nan,-2.000000
1027,-83.000000,-5.000000,nan,nan,nan,nan,nan,2.000000
1028,-89.000000,-5.000000,nan,nan,nan,nan,nan,-6.000000
1029,-93.000000,-5.000000,nan,nan,nan,nan,nan,-4.000000
1030,-93.000000,21461.000000,-5.000000,nan,nan,nan,nan,0.000000
1031,-95.000000,21461.000000,-5.000000,nan,nan,nan,nan,-2.000000
1032,-99.000000,21511.000000,-5.000000,-91.000000,nan,nan,nan,-4.000000
1033,-93.000000,21511.000000,-5.000000,-87.000000,nan,nan,nan,6.000000
1034,-95.000000,21511.000000,-5.000000,-75.000000,nan,nan,nan,-2.000000
1035,-91.000000,21511.000000,-5.000000,-81.000000,nan,nan,nan,4.000000
1036,-91.000000,21511.000000,-5.000000,-81.000000,nan,nan,nan,0.000000
1037,-87.000000,21511.000000,-5.000000,-81.000000,nan,nan,nan,4.000000
1038,-87.000000,21511.000000,-5.000000,-75.000000,nan,nan,nan,0.000000
1039,-81.000000,21511.000000,-5.000000,-67.000000,nan,nan,nan,6.000000
1040,-85.000000,21511.000000,-5.000000,-79.000000,nan,nan,nan,-4.000000
1041,-89.000000,21511.000000,-5.000000,nan,nan,nan,nan,-4.000000
1042,-95.000000,21511.000000,327.000000,-5.000000,-93.000000,nan,nan,-6.000000
1043,-93.000000,21511.000000,327.000000,-5.000000,-87.000000,nan,nan,2.000000
1044,-91.000000,21511.000000,-5.000000,nan,nan,nan,nan,2.000000
1045,-91.000000,21511.000000,-5.000000,nan,nan,nan,nan,0.000000
1046,-91.000000,21511.000000,-5.000000,nan,nan,nan,nan,0.000000
1047,-91.000000,21511.000000,-5.000000,nan,nan,nan,nan,0.000000
1048,-93.000000,21511.000000,-5.000000,nan,nan,nan,nan,-2.000000
1049,-95.000000,21511.000000,327.000000,-5.000000,-85.000000,nan,nan,-2.000000
1050,-97.000000,21511.000000,327.000000,-5.000000,-83.000000,nan,nan,-2.000000
1051,-97.000000,21511.000000,-5.000000,nan,nan,nan,nan,0.000000
1052,-97.000000,21511.000000,327.000000,-5.000000,-87.000000,nan,nan,0.000000
1053,-97.000000,21511.000000,327.000000,-5.000000,-87.000000,nan,nan,0.000000
1054,-93.000000,21511.000000,327.000000,-5.000000,-87.000000,nan,nan,4.000000
1055,-93.000000,21511.000000,-5.000000,-85.000000,nan,nan,nan,0.000000
1056,-95.000000,21511.000000,21461.000000,375.000000,-5.000000,-83.000000,nan,-2.000000
1057,-93.000000,21511.000000,21461.000000,375.000000,-5.000000,-77.000000,nan,2.000000
1058,-91.000000,21511.000000,21461.000000,375.000000,-5.000000,-85.000000,nan,2.000000
1059,-89.000000,21511.000000,21461.000000,375.000000,-5.000000,-67.000000,nan,2.000000
1060,-79.000000,21511.000000,21461.000000,375.000000,-5.000000,-75.000000,nan,10.000000
1061,-87.000000,21511.000000,21461.000000,375.000000,-5.000000,-97.000000,nan,-8.000000
1062,-91.000000,21511.000000,21461.000000,375.000000,-5.000000,-97.000000,nan,-4.000000
1063,-89.000000,21511.000000,21461.000000,375.000000,-5.000000,-95.000000,nan,2.000000
1064,-89.000000,21511.000000,21461.000000,375.000000,-5.000000,-95.000000,nan,0.000000
1065,-89.000000,21511.000000,21461.000000,375.000000,-5.000000,-95.000000,nan,0.000000
1066,-89.000000,21511.000000,21461.000000,375.000000,-5.000000,-95.000000,nan,0.000000
1067,-91.000000,21511.000000,21461.000000,375.000000,-5.000000,-95.000000,nan,-2.000000
1068,-91.000000,21511.000000,-5.000000,nan,nan,nan,nan,-2.000000
1069,-93.000000,21511.000000,-5.000000,nan,nan,nan,nan,-2.000000
1070,-93.000000,21511.000000,-5.000000,nan,nan,nan,nan,0.000000
1071,-97.000000,21511.000000,327.000000,-5.000000,-89.000000,nan,nan,-4.000000
1072,-93.000000,21511.000000,327.000000,-5.000000,-91.000000,nan,nan,4.000000
1073,-97.000000,21461.000000,-63.000000,-111.000000,nan,nan,nan,-4.000000
1074,-99.000000,21511.000000,309.000000,125.000000,-99.000000,nan,nan,0.000000
1075,-95.000000,21511.000000,309.000000,125.000000,-95.000000,nan,nan,4.000000
1076,-91.000000,21511.000000,309.000000,125.000000,-93.000000,nan,nan,4.000000
1077,-93.000000,21511.000000,309.000000,125.000000,-95.000000,nan,nan,-2.000000
1078,-89.000000,21511.000000,309.000000,125.000000,-87.000000,nan,nan,4.000000
1079,-91.000000,21461.000000,309.000000,-71.000000,nan,nan,nan,-2.000000
1080,-91.000000,21461.000000,309.000000,-71.000000,nan,nan,nan,0.000000
1081,-93.000000,21461.000000,309.000000,-71.000000,nan,nan,nan,-2.000000
1082,-93.000000,21461.000000,309.000000,-61.000000,nan,nan,nan,0.000000
1083,-95.000000,21461.000000,309.000000,-69.000000,nan,nan,nan,-2.000000
1084,-93.000000,21461.000000,309.000000,-75.000000,nan,nan,nan,2.000000
1085,-91.000000,21461.000000,309.000000,-65.000000,nan,nan,nan,2.000000
1086,-93.000000,21461.000000,309.000000,-55.000000,nan,nan,nan,-2.000000
1087,-91.000000,21461.000000,309.000000,-55.000000,nan,nan,nan,2.000000
1088,-91.000000,21461.000000,309.000000,-63.000000,nan,nan,nan,0.000000
1089,-91.000000,21461.000000,309.000000,-79.000000,nan,nan,nan,0.000000
1090,-91.000000,21461.000000,309.000000,-69.000000,nan,nan,nan,0.000000
1091,-89.000000,21461.000000,309.000000,-69.000000,nan,nan,nan,2.000000
1092,-89.000000,21461.000000,309.000000,-69.000000,nan,nan,nan,0.000000
1093,-93.000000,21461.000000,309.000000,-69.000000,nan,nan,nan,-4.000000
1094,-93.000000,21461.000000,309.000000,-69.000000,nan,nan,nan,0.000000
1095,-87.000000,21461.000000,309.000000,-69.000000,nan,nan,nan,6.000000
1096,-97.000000,21461.000000,309.000000,-85.000000,nan,nan,nan,-4.000000
1097,-97.000000,21461.000000,309.000000,-83.000000,nan,nan,nan,0.000000
1098,-97.000000,21461.000000,309.000000,-81.000000,nan,nan,nan,0.000000
1099,-97.000000,21461.000000,309.000000,-75.000000,nan,nan,nan,0.000000
1100,-95.000000,21461.000000,309.000000,-71.000000,nan,nan,nan,2.000000
1101,-95.000000,21461.000000,309.000000,-71.000000,nan,nan,nan,0.000000
1102,-95.000000,21461.000000,309.000000,-79.000000,nan,nan,nan,0.000000
1103,-97.000000,21461.000000,309.000000,-81.000000,nan,nan,nan,-2.000000
1104,-97.000000,21461.000000,309.000000,-87.000000,nan,nan,nan,0.000000
1105,-97.000000,-5.000000,nan,nan,nan,nan,nan,0.000000
1106,-93.000000,-5.000000,nan,nan,nan,nan,nan,4.000000
1107,-91.000000,-5.000000,nan,nan,nan,nan,nan,2.000000
1108,-95.000000,-5.000000,nan,nan,nan,nan,nan,-4.000000
1109,-89.000000,-5.000000,nan,nan,nan,nan,nan,6.000000
1110,-89.000000,-5.000000,nan,nan,nan,nan,nan,0.000000
1111,-97.000000,-5.000000,nan,nan,nan,nan,nan,-8.000000
